100,4,2 
101,2,2 
102,4,2 
103,4,2 
104,4,2 
105,3,2 
106,4,2 
107,1,2 
108,4,2 
109,2,2 
110,4,2 
111,1,2 
112,2,2 
113,4,2 
114,3,2 
115,1,2 
116,1,2 
117,3,2 
118,2,2 
119,2,2 
120,1,2 
121,2,2 
122,2,2 
123,2,2 
124,3,2 
125,1,2 
126,3,2 
127,1,2 
128,2,2 
129,2,2 
130,4,2 
131,1,2 
132,4,2 
133,3,2 
134,4,2 
135,2,2 
136,3,2 
137,1,2 
138,4,2 
139,2,2 
140,2,2 
141,1,2 
142,4,2 
143,1,2 
144,3,2 
145,1,2 
146,1,2 
147,1,2 
148,3,2 
149,3,2 
150,4,2 
151,3,2 
152,1,2 
153,4,2 
154,4,2 
155,3,2 
156,3,2 
157,2,2 
158,3,2 
159,2,2 
160,4,2 
161,4,2 
162,1,2 
163,4,2 
164,1,2 
165,2,2 
166,1,2 
167,1,2 
168,2,2 
169,2,2 
170,4,2 
171,3,2 
172,4,2 
173,4,2 
174,3,2 
175,4,2 
176,3,2 
177,1,2 
178,3,2 
179,3,2 
180,3,2 
181,3,2 
182,2,2 
183,4,2 
184,1,2 
185,3,2 
186,1,2 
187,2,2 
188,2,2 
189,4,2 
190,4,2 
191,4,2 
192,3,2 
193,2,2 
194,4,2 
195,1,2 
196,1,2 
197,2,2 
198,2,2 
199,3,2 
