100,2,2 
101,3,2 
102,1,2 
103,2,2 
104,3,2 
105,1,2 
106,4,2 
107,2,2 
108,2,2 
109,4,2 
110,3,2 
111,1,2 
112,2,2 
113,4,2 
114,4,2 
115,3,2 
116,1,2 
117,3,2 
118,1,2 
119,3,2 
120,4,2 
121,1,2 
122,1,2 
123,4,2 
124,2,2 
125,4,2 
126,4,2 
127,4,2 
128,2,2 
129,4,2 
130,4,2 
131,2,2 
132,1,2 
133,4,2 
134,2,2 
135,3,2 
136,2,2 
137,3,2 
138,4,2 
139,1,2 
140,1,2 
141,3,2 
142,4,2 
143,3,2 
144,2,2 
145,3,2 
146,1,2 
147,3,2 
148,4,2 
149,3,2 
150,4,2 
151,4,2 
152,4,2 
153,4,2 
154,4,2 
155,3,2 
156,3,2 
157,4,2 
158,3,2 
159,2,2 
160,1,2 
161,4,2 
162,1,2 
163,4,2 
164,4,2 
165,2,2 
166,2,2 
167,2,2 
168,2,2 
169,4,2 
170,3,2 
171,3,2 
172,3,2 
173,2,2 
174,4,2 
175,1,2 
176,2,2 
177,2,2 
178,4,2 
179,4,2 
180,4,2 
181,4,2 
182,3,2 
183,2,2 
184,3,2 
185,2,2 
186,1,2 
187,4,2 
188,4,2 
189,2,2 
190,2,2 
191,2,2 
192,4,2 
193,2,2 
194,3,2 
195,2,2 
196,4,2 
197,2,2 
198,2,2 
199,2,2 
200,2,2 
201,2,2 
202,1,2 
203,1,2 
204,4,2 
205,1,2 
206,4,2 
207,4,2 
208,4,2 
209,3,2 
210,3,2 
211,1,2 
212,1,2 
213,4,2 
214,2,2 
215,2,2 
216,3,2 
217,3,2 
218,3,2 
219,4,2 
220,2,2 
221,1,2 
222,2,2 
223,4,2 
224,1,2 
225,3,2 
226,4,2 
227,1,2 
228,2,2 
229,4,2 
230,2,2 
231,1,2 
232,3,2 
233,3,2 
234,4,2 
235,1,2 
236,1,2 
237,3,2 
238,3,2 
239,4,2 
240,3,2 
241,4,2 
242,3,2 
243,3,2 
244,2,2 
245,1,2 
246,4,2 
247,4,2 
248,3,2 
249,3,2 
250,2,2 
251,4,2 
252,4,2 
253,1,2 
254,3,2 
255,4,2 
256,2,2 
257,1,2 
258,1,2 
259,2,2 
260,1,2 
261,3,2 
262,3,2 
263,4,2 
264,3,2 
265,1,2 
266,3,2 
267,1,2 
268,4,2 
269,3,2 
270,2,2 
271,1,2 
272,2,2 
273,3,2 
274,3,2 
275,4,2 
276,4,2 
277,1,2 
278,3,2 
279,3,2 
280,1,2 
281,2,2 
282,4,2 
283,2,2 
284,4,2 
285,1,2 
286,2,2 
287,2,2 
288,4,2 
289,1,2 
290,4,2 
291,2,2 
292,1,2 
293,3,2 
294,4,2 
295,2,2 
296,4,2 
297,2,2 
298,3,2 
299,2,2 
300,4,2 
301,4,2 
302,4,2 
303,3,2 
304,1,2 
305,2,2 
306,2,2 
307,1,2 
308,1,2 
309,4,2 
310,3,2 
311,3,2 
312,4,2 
313,2,2 
314,2,2 
315,4,2 
316,3,2 
317,3,2 
318,4,2 
319,4,2 
320,2,2 
321,3,2 
322,2,2 
323,4,2 
324,3,2 
325,2,2 
326,4,2 
327,2,2 
328,1,2 
329,3,2 
330,4,2 
331,4,2 
332,2,2 
333,2,2 
334,4,2 
335,2,2 
336,1,2 
337,2,2 
338,1,2 
339,4,2 
340,1,2 
341,1,2 
342,4,2 
343,4,2 
344,3,2 
345,4,2 
346,1,2 
347,4,2 
348,4,2 
349,2,2 
350,3,2 
351,3,2 
352,2,2 
353,4,2 
354,1,2 
355,1,2 
356,1,2 
357,2,2 
358,1,2 
359,3,2 
360,1,2 
361,2,2 
362,4,2 
363,1,2 
364,1,2 
365,1,2 
366,4,2 
367,1,2 
368,2,2 
369,2,2 
370,4,2 
371,2,2 
372,4,2 
373,3,2 
374,4,2 
375,4,2 
376,2,2 
377,4,2 
378,2,2 
379,2,2 
380,3,2 
381,2,2 
382,1,2 
383,3,2 
384,1,2 
385,4,2 
386,2,2 
387,4,2 
388,4,2 
389,1,2 
390,3,2 
391,2,2 
392,3,2 
393,1,2 
394,4,2 
395,1,2 
396,2,2 
397,4,2 
398,2,2 
399,2,2 
400,2,2 
401,4,2 
402,2,2 
403,1,2 
404,2,2 
405,1,2 
406,4,2 
407,3,2 
408,3,2 
409,2,2 
410,4,2 
411,2,2 
412,1,2 
413,2,2 
414,3,2 
415,4,2 
416,1,2 
417,4,2 
418,4,2 
419,1,2 
420,3,2 
421,3,2 
422,1,2 
423,4,2 
424,3,2 
425,2,2 
426,3,2 
427,2,2 
428,2,2 
429,4,2 
430,1,2 
431,1,2 
432,3,2 
433,1,2 
434,4,2 
435,4,2 
436,1,2 
437,1,2 
438,2,2 
439,4,2 
440,2,2 
441,3,2 
442,1,2 
443,2,2 
444,4,2 
445,4,2 
446,2,2 
447,4,2 
448,2,2 
449,1,2 
450,2,2 
451,4,2 
452,2,2 
453,4,2 
454,1,2 
455,3,2 
456,4,2 
457,2,2 
458,4,2 
459,4,2 
460,2,2 
461,2,2 
462,1,2 
463,3,2 
464,1,2 
465,3,2 
466,1,2 
467,1,2 
468,4,2 
469,2,2 
470,2,2 
471,2,2 
472,3,2 
473,3,2 
474,1,2 
475,3,2 
476,1,2 
477,3,2 
478,1,2 
479,2,2 
480,3,2 
481,1,2 
482,1,2 
483,2,2 
484,2,2 
485,1,2 
486,2,2 
487,1,2 
488,2,2 
489,2,2 
490,1,2 
491,1,2 
492,4,2 
493,4,2 
494,1,2 
495,3,2 
496,1,2 
497,4,2 
498,2,2 
499,2,2 
500,3,2 
501,3,2 
502,4,2 
503,4,2 
504,4,2 
505,1,2 
506,3,2 
507,4,2 
508,4,2 
509,3,2 
510,3,2 
511,1,2 
512,2,2 
513,3,2 
514,4,2 
515,3,2 
516,1,2 
517,3,2 
518,3,2 
519,1,2 
520,2,2 
521,3,2 
522,1,2 
523,1,2 
524,4,2 
525,4,2 
526,4,2 
527,4,2 
528,4,2 
529,4,2 
530,2,2 
531,4,2 
532,4,2 
533,3,2 
534,4,2 
535,4,2 
536,3,2 
537,1,2 
538,1,2 
539,1,2 
540,4,2 
541,1,2 
542,3,2 
543,3,2 
544,2,2 
545,3,2 
546,2,2 
547,3,2 
548,4,2 
549,3,2 
550,3,2 
551,4,2 
552,3,2 
553,3,2 
554,3,2 
555,2,2 
556,2,2 
557,3,2 
558,4,2 
559,2,2 
560,4,2 
561,2,2 
562,4,2 
563,1,2 
564,4,2 
565,2,2 
566,1,2 
567,2,2 
568,1,2 
569,3,2 
570,3,2 
571,2,2 
572,4,2 
573,1,2 
574,4,2 
575,4,2 
576,3,2 
577,3,2 
578,2,2 
579,3,2 
580,1,2 
581,4,2 
582,1,2 
583,4,2 
584,4,2 
585,4,2 
586,3,2 
587,4,2 
588,3,2 
589,2,2 
590,4,2 
591,3,2 
592,4,2 
593,4,2 
594,3,2 
595,3,2 
596,3,2 
597,3,2 
598,3,2 
599,4,2 
600,1,2 
601,4,2 
602,2,2 
603,1,2 
604,1,2 
605,4,2 
606,2,2 
607,2,2 
608,4,2 
609,3,2 
610,3,2 
611,3,2 
612,4,2 
613,3,2 
614,3,2 
615,2,2 
616,1,2 
617,3,2 
618,2,2 
619,1,2 
620,1,2 
621,4,2 
622,4,2 
623,4,2 
624,4,2 
625,1,2 
626,3,2 
627,2,2 
628,2,2 
629,3,2 
630,1,2 
631,4,2 
632,4,2 
633,4,2 
634,1,2 
635,3,2 
636,3,2 
637,3,2 
638,1,2 
639,1,2 
640,1,2 
641,1,2 
642,3,2 
643,3,2 
644,3,2 
645,2,2 
646,4,2 
647,4,2 
648,2,2 
649,3,2 
650,4,2 
651,2,2 
652,2,2 
653,1,2 
654,3,2 
655,1,2 
656,4,2 
657,1,2 
658,3,2 
659,4,2 
660,1,2 
661,3,2 
662,1,2 
663,4,2 
664,4,2 
665,1,2 
666,2,2 
667,4,2 
668,3,2 
669,2,2 
670,2,2 
671,4,2 
672,4,2 
673,3,2 
674,4,2 
675,2,2 
676,1,2 
677,2,2 
678,3,2 
679,1,2 
680,4,2 
681,3,2 
682,1,2 
683,4,2 
684,2,2 
685,2,2 
686,1,2 
687,2,2 
688,3,2 
689,4,2 
690,1,2 
691,2,2 
692,2,2 
693,2,2 
694,4,2 
695,2,2 
696,1,2 
697,3,2 
698,1,2 
699,3,2 
700,3,2 
701,4,2 
702,1,2 
703,1,2 
704,1,2 
705,2,2 
706,2,2 
707,4,2 
708,4,2 
709,1,2 
710,2,2 
711,4,2 
712,1,2 
713,4,2 
714,1,2 
715,3,2 
716,4,2 
717,3,2 
718,2,2 
719,4,2 
720,1,2 
721,2,2 
722,2,2 
723,1,2 
724,3,2 
725,2,2 
726,2,2 
727,4,2 
728,2,2 
729,4,2 
730,4,2 
731,4,2 
732,3,2 
733,4,2 
734,3,2 
735,4,2 
736,4,2 
737,1,2 
738,3,2 
739,4,2 
740,1,2 
741,3,2 
742,3,2 
743,3,2 
744,3,2 
745,3,2 
746,3,2 
747,1,2 
748,4,2 
749,3,2 
750,4,2 
751,4,2 
752,3,2 
753,3,2 
754,2,2 
755,1,2 
756,2,2 
757,3,2 
758,2,2 
759,2,2 
760,1,2 
761,3,2 
762,1,2 
763,2,2 
764,3,2 
765,4,2 
766,2,2 
767,1,2 
768,1,2 
769,4,2 
770,1,2 
771,2,2 
772,2,2 
773,2,2 
774,2,2 
775,2,2 
776,3,2 
777,3,2 
778,3,2 
779,4,2 
780,2,2 
781,2,2 
782,4,2 
783,2,2 
784,2,2 
785,1,2 
786,4,2 
787,2,2 
788,1,2 
789,4,2 
790,1,2 
791,2,2 
792,4,2 
793,2,2 
794,3,2 
795,1,2 
796,4,2 
797,4,2 
798,3,2 
799,1,2 
800,1,2 
801,1,2 
802,2,2 
803,1,2 
804,2,2 
805,4,2 
806,3,2 
807,1,2 
808,1,2 
809,1,2 
810,1,2 
811,2,2 
812,2,2 
813,3,2 
814,4,2 
815,4,2 
816,4,2 
817,4,2 
818,2,2 
819,3,2 
820,3,2 
821,1,2 
822,3,2 
823,2,2 
824,2,2 
825,3,2 
826,3,2 
827,1,2 
828,1,2 
829,1,2 
830,3,2 
831,4,2 
832,4,2 
833,4,2 
834,3,2 
835,2,2 
836,2,2 
837,4,2 
838,3,2 
839,4,2 
840,2,2 
841,4,2 
842,2,2 
843,2,2 
844,1,2 
845,2,2 
846,1,2 
847,3,2 
848,1,2 
849,1,2 
850,1,2 
851,4,2 
852,1,2 
853,3,2 
854,4,2 
855,1,2 
856,4,2 
857,1,2 
858,4,2 
859,4,2 
860,4,2 
861,2,2 
862,3,2 
863,2,2 
864,2,2 
865,3,2 
866,4,2 
867,2,2 
868,3,2 
869,3,2 
870,2,2 
871,4,2 
872,1,2 
873,2,2 
874,4,2 
875,2,2 
876,3,2 
877,2,2 
878,1,2 
879,4,2 
880,3,2 
881,1,2 
882,1,2 
883,4,2 
884,3,2 
885,2,2 
886,4,2 
887,2,2 
888,1,2 
889,2,2 
890,3,2 
891,2,2 
892,2,2 
893,2,2 
894,2,2 
895,3,2 
896,2,2 
897,3,2 
898,1,2 
899,1,2 
900,3,2 
901,1,2 
902,4,2 
903,1,2 
904,2,2 
905,1,2 
906,4,2 
907,1,2 
908,1,2 
909,1,2 
910,3,2 
911,1,2 
912,3,2 
913,2,2 
914,4,2 
915,2,2 
916,3,2 
917,3,2 
918,3,2 
919,1,2 
920,3,2 
921,3,2 
922,2,2 
923,3,2 
924,1,2 
925,3,2 
926,2,2 
927,1,2 
928,4,2 
929,1,2 
930,3,2 
931,1,2 
932,4,2 
933,2,2 
934,2,2 
935,4,2 
936,3,2 
937,1,2 
938,4,2 
939,3,2 
940,1,2 
941,4,2 
942,4,2 
943,2,2 
944,3,2 
945,1,2 
946,4,2 
947,4,2 
948,4,2 
949,4,2 
950,1,2 
951,4,2 
952,1,2 
953,4,2 
954,3,2 
955,2,2 
956,2,2 
957,4,2 
958,1,2 
959,4,2 
960,4,2 
961,3,2 
962,2,2 
963,2,2 
964,4,2 
965,3,2 
966,2,2 
967,2,2 
968,1,2 
969,4,2 
970,2,2 
971,3,2 
972,1,2 
973,3,2 
974,2,2 
975,2,2 
976,4,2 
977,2,2 
978,1,2 
979,1,2 
980,2,2 
981,1,2 
982,3,2 
983,4,2 
984,3,2 
985,1,2 
986,2,2 
987,1,2 
988,4,2 
989,1,2 
990,4,2 
991,1,2 
992,1,2 
993,3,2 
994,4,2 
995,2,2 
996,2,2 
997,1,2 
998,4,2 
999,2,2 
1000,4,2 
1001,3,2 
1002,2,2 
1003,4,2 
1004,4,2 
1005,3,2 
1006,1,2 
1007,1,2 
1008,1,2 
1009,2,2 
1010,3,2 
1011,1,2 
1012,2,2 
1013,3,2 
1014,3,2 
1015,1,2 
1016,2,2 
1017,3,2 
1018,3,2 
1019,2,2 
1020,2,2 
1021,1,2 
1022,2,2 
1023,3,2 
1024,1,2 
1025,1,2 
1026,3,2 
1027,2,2 
1028,1,2 
1029,4,2 
1030,3,2 
1031,2,2 
1032,4,2 
1033,1,2 
1034,4,2 
1035,2,2 
1036,3,2 
1037,2,2 
1038,4,2 
1039,2,2 
1040,2,2 
1041,3,2 
1042,4,2 
1043,4,2 
1044,4,2 
1045,3,2 
1046,1,2 
1047,4,2 
1048,4,2 
1049,3,2 
1050,2,2 
1051,1,2 
1052,3,2 
1053,1,2 
1054,1,2 
1055,1,2 
1056,3,2 
1057,1,2 
1058,4,2 
1059,3,2 
1060,3,2 
1061,3,2 
1062,3,2 
1063,3,2 
1064,3,2 
1065,2,2 
1066,3,2 
1067,1,2 
1068,3,2 
1069,3,2 
1070,4,2 
1071,1,2 
1072,4,2 
1073,1,2 
1074,2,2 
1075,2,2 
1076,4,2 
1077,1,2 
1078,2,2 
1079,2,2 
1080,1,2 
1081,4,2 
1082,1,2 
1083,4,2 
1084,2,2 
1085,3,2 
1086,2,2 
1087,3,2 
1088,4,2 
1089,4,2 
1090,1,2 
1091,3,2 
1092,4,2 
1093,3,2 
1094,2,2 
1095,3,2 
1096,4,2 
1097,2,2 
1098,3,2 
1099,4,2 
