100,2,2 
101,3,2 
102,1,2 
103,2,2 
104,2,2 
105,2,2 
106,4,2 
107,4,2 
108,2,2 
109,2,2 
110,3,2 
111,2,2 
112,3,2 
113,4,2 
114,1,2 
115,3,2 
116,1,2 
117,2,2 
118,4,2 
119,2,2 
120,3,2 
121,1,2 
122,4,2 
123,1,2 
124,3,2 
125,3,2 
126,3,2 
127,1,2 
128,4,2 
129,3,2 
130,2,2 
131,2,2 
132,1,2 
133,1,2 
134,2,2 
135,1,2 
136,3,2 
137,1,2 
138,4,2 
139,2,2 
140,1,2 
141,4,2 
142,1,2 
143,2,2 
144,4,2 
145,3,2 
146,3,2 
147,4,2 
148,2,2 
149,2,2 
150,4,2 
151,3,2 
152,3,2 
153,1,2 
154,2,2 
155,3,2 
156,4,2 
157,4,2 
158,4,2 
159,1,2 
160,4,2 
161,2,2 
162,1,2 
163,4,2 
164,1,2 
165,4,2 
166,4,2 
167,1,2 
168,2,2 
169,4,2 
170,3,2 
171,1,2 
172,3,2 
173,1,2 
174,1,2 
175,2,2 
176,2,2 
177,2,2 
178,1,2 
179,1,2 
180,3,2 
181,4,2 
182,4,2 
183,4,2 
184,4,2 
185,2,2 
186,2,2 
187,3,2 
188,4,2 
189,4,2 
190,1,2 
191,4,2 
192,2,2 
193,2,2 
194,3,2 
195,2,2 
196,1,2 
197,1,2 
198,2,2 
199,1,2 
200,2,2 
201,2,2 
202,4,2 
203,3,2 
204,4,2 
205,4,2 
206,3,2 
207,2,2 
208,3,2 
209,4,2 
210,4,2 
211,1,2 
212,1,2 
213,2,2 
214,4,2 
215,2,2 
216,2,2 
217,2,2 
218,3,2 
219,3,2 
220,4,2 
221,3,2 
222,3,2 
223,1,2 
224,3,2 
225,4,2 
226,2,2 
227,3,2 
228,2,2 
229,4,2 
230,3,2 
231,4,2 
232,2,2 
233,4,2 
234,2,2 
235,3,2 
236,3,2 
237,1,2 
238,4,2 
239,3,2 
240,4,2 
241,4,2 
242,2,2 
243,1,2 
244,2,2 
245,2,2 
246,1,2 
247,4,2 
248,2,2 
249,4,2 
250,2,2 
251,1,2 
252,3,2 
253,3,2 
254,4,2 
255,3,2 
256,1,2 
257,4,2 
258,1,2 
259,4,2 
260,1,2 
261,4,2 
262,1,2 
263,2,2 
264,3,2 
265,4,2 
266,4,2 
267,4,2 
268,2,2 
269,1,2 
270,3,2 
271,4,2 
272,3,2 
273,3,2 
274,1,2 
275,3,2 
276,4,2 
277,2,2 
278,2,2 
279,4,2 
280,3,2 
281,1,2 
282,2,2 
283,1,2 
284,4,2 
285,4,2 
286,2,2 
287,4,2 
288,2,2 
289,1,2 
290,4,2 
291,2,2 
292,3,2 
293,1,2 
294,4,2 
295,4,2 
296,1,2 
297,2,2 
298,4,2 
299,2,2 
