100,3,2 
101,4,2 
102,3,2 
103,2,2 
104,2,2 
105,2,2 
106,3,2 
107,4,2 
108,1,2 
109,3,2 
110,3,2 
111,2,2 
112,4,2 
113,3,2 
114,1,2 
115,2,2 
116,3,2 
117,1,2 
118,3,2 
119,2,2 
120,4,2 
121,2,2 
122,4,2 
123,4,2 
124,4,2 
125,4,2 
126,3,2 
127,2,2 
128,4,2 
129,1,2 
130,3,2 
131,4,2 
132,1,2 
133,1,2 
134,3,2 
135,2,2 
136,2,2 
137,4,2 
138,2,2 
139,1,2 
140,4,2 
141,4,2 
142,3,2 
143,3,2 
144,4,2 
145,2,2 
146,1,2 
147,3,2 
148,2,2 
149,4,2 
150,2,2 
151,1,2 
152,2,2 
153,1,2 
154,2,2 
155,2,2 
156,4,2 
157,3,2 
158,4,2 
159,1,2 
160,4,2 
161,1,2 
162,2,2 
163,1,2 
164,4,2 
165,2,2 
166,1,2 
167,2,2 
168,1,2 
169,4,2 
170,1,2 
171,4,2 
172,1,2 
173,1,2 
174,4,2 
175,3,2 
176,1,2 
177,3,2 
178,2,2 
179,1,2 
180,1,2 
181,2,2 
182,3,2 
183,4,2 
184,3,2 
185,3,2 
186,1,2 
187,3,2 
188,2,2 
189,1,2 
190,4,2 
191,1,2 
192,2,2 
193,2,2 
194,2,2 
195,4,2 
196,4,2 
197,3,2 
198,3,2 
199,3,2 
200,2,2 
201,3,2 
202,1,2 
203,4,2 
204,4,2 
205,3,2 
206,4,2 
207,3,2 
208,2,2 
209,1,2 
210,1,2 
211,2,2 
212,1,2 
213,3,2 
214,4,2 
215,3,2 
216,2,2 
217,2,2 
218,1,2 
219,2,2 
220,1,2 
221,3,2 
222,3,2 
223,4,2 
224,2,2 
225,2,2 
226,1,2 
227,3,2 
228,4,2 
229,4,2 
230,4,2 
231,1,2 
232,3,2 
233,2,2 
234,4,2 
235,3,2 
236,3,2 
237,3,2 
238,4,2 
239,4,2 
240,1,2 
241,4,2 
242,2,2 
243,3,2 
244,4,2 
245,3,2 
246,1,2 
247,1,2 
248,4,2 
249,1,2 
250,1,2 
251,4,2 
252,1,2 
253,4,2 
254,1,2 
255,3,2 
256,4,2 
257,2,2 
258,4,2 
259,1,2 
260,1,2 
261,1,2 
262,3,2 
263,3,2 
264,2,2 
265,4,2 
266,3,2 
267,2,2 
268,1,2 
269,3,2 
270,3,2 
271,1,2 
272,3,2 
273,2,2 
274,2,2 
275,4,2 
276,3,2 
277,3,2 
278,1,2 
279,4,2 
280,4,2 
281,3,2 
282,4,2 
283,4,2 
284,2,2 
285,3,2 
286,3,2 
287,2,2 
288,4,2 
289,3,2 
290,3,2 
291,1,2 
292,1,2 
293,2,2 
294,4,2 
295,4,2 
296,3,2 
297,3,2 
298,1,2 
299,4,2 
300,4,2 
301,2,2 
302,3,2 
303,4,2 
304,1,2 
305,2,2 
306,2,2 
307,4,2 
308,3,2 
309,1,2 
310,4,2 
311,4,2 
312,2,2 
313,3,2 
314,1,2 
315,3,2 
316,1,2 
317,4,2 
318,2,2 
319,3,2 
320,1,2 
321,4,2 
322,2,2 
323,2,2 
324,1,2 
325,1,2 
326,1,2 
327,3,2 
328,2,2 
329,3,2 
330,3,2 
331,2,2 
332,1,2 
333,4,2 
334,1,2 
335,1,2 
336,3,2 
337,3,2 
338,3,2 
339,3,2 
340,2,2 
341,3,2 
342,3,2 
343,2,2 
344,3,2 
345,4,2 
346,3,2 
347,4,2 
348,3,2 
349,2,2 
350,3,2 
351,2,2 
352,2,2 
353,3,2 
354,3,2 
355,3,2 
356,1,2 
357,3,2 
358,2,2 
359,2,2 
360,2,2 
361,1,2 
362,4,2 
363,3,2 
364,3,2 
365,3,2 
366,4,2 
367,3,2 
368,3,2 
369,1,2 
370,2,2 
371,2,2 
372,1,2 
373,4,2 
374,1,2 
375,3,2 
376,4,2 
377,3,2 
378,3,2 
379,2,2 
380,2,2 
381,4,2 
382,1,2 
383,2,2 
384,2,2 
385,2,2 
386,2,2 
387,1,2 
388,1,2 
389,3,2 
390,4,2 
391,4,2 
392,3,2 
393,2,2 
394,2,2 
395,2,2 
396,3,2 
397,1,2 
398,1,2 
399,2,2 
400,4,2 
401,1,2 
402,1,2 
403,2,2 
404,2,2 
405,2,2 
406,3,2 
407,1,2 
408,3,2 
409,4,2 
410,4,2 
411,1,2 
412,1,2 
413,1,2 
414,1,2 
415,4,2 
416,3,2 
417,4,2 
418,4,2 
419,4,2 
420,4,2 
421,1,2 
422,4,2 
423,4,2 
424,2,2 
425,2,2 
426,3,2 
427,3,2 
428,1,2 
429,2,2 
430,2,2 
431,4,2 
432,2,2 
433,2,2 
434,1,2 
435,3,2 
436,3,2 
437,2,2 
438,3,2 
439,2,2 
440,1,2 
441,3,2 
442,1,2 
443,3,2 
444,3,2 
445,4,2 
446,3,2 
447,1,2 
448,2,2 
449,1,2 
450,3,2 
451,1,2 
452,3,2 
453,1,2 
454,3,2 
455,1,2 
456,1,2 
457,1,2 
458,2,2 
459,1,2 
460,3,2 
461,2,2 
462,1,2 
463,2,2 
464,1,2 
465,3,2 
466,4,2 
467,3,2 
468,2,2 
469,4,2 
470,2,2 
471,1,2 
472,3,2 
473,3,2 
474,4,2 
475,3,2 
476,2,2 
477,2,2 
478,2,2 
479,4,2 
480,2,2 
481,4,2 
482,2,2 
483,3,2 
484,4,2 
485,1,2 
486,4,2 
487,2,2 
488,2,2 
489,3,2 
490,4,2 
491,2,2 
492,4,2 
493,1,2 
494,3,2 
495,2,2 
496,1,2 
497,2,2 
498,2,2 
499,4,2 
500,2,2 
501,1,2 
502,3,2 
503,1,2 
504,4,2 
505,3,2 
506,2,2 
507,4,2 
508,2,2 
509,4,2 
510,4,2 
511,2,2 
512,3,2 
513,4,2 
514,4,2 
515,1,2 
516,2,2 
517,1,2 
518,2,2 
519,1,2 
520,1,2 
521,3,2 
522,1,2 
523,2,2 
524,3,2 
525,2,2 
526,4,2 
527,3,2 
528,4,2 
529,3,2 
530,1,2 
531,4,2 
532,1,2 
533,4,2 
534,3,2 
535,3,2 
536,3,2 
537,1,2 
538,4,2 
539,4,2 
540,4,2 
541,4,2 
542,3,2 
543,3,2 
544,4,2 
545,4,2 
546,2,2 
547,4,2 
548,2,2 
549,2,2 
550,3,2 
551,2,2 
552,4,2 
553,2,2 
554,4,2 
555,1,2 
556,4,2 
557,1,2 
558,4,2 
559,3,2 
560,2,2 
561,1,2 
562,1,2 
563,3,2 
564,1,2 
565,1,2 
566,4,2 
567,4,2 
568,4,2 
569,4,2 
570,2,2 
571,1,2 
572,1,2 
573,2,2 
574,4,2 
575,3,2 
576,1,2 
577,4,2 
578,4,2 
579,1,2 
580,2,2 
581,1,2 
582,4,2 
583,3,2 
584,2,2 
585,4,2 
586,2,2 
587,2,2 
588,1,2 
589,1,2 
590,4,2 
591,2,2 
592,4,2 
593,2,2 
594,1,2 
595,4,2 
596,1,2 
597,3,2 
598,1,2 
599,3,2 
