100,3,2 
101,3,2 
102,3,2 
103,3,2 
104,1,2 
105,2,2 
106,4,2 
107,1,2 
108,1,2 
109,2,2 
110,4,2 
111,3,2 
112,3,2 
113,1,2 
114,1,2 
115,1,2 
116,4,2 
117,2,2 
118,1,2 
119,1,2 
120,2,2 
121,3,2 
122,4,2 
123,2,2 
124,3,2 
125,1,2 
126,3,2 
127,2,2 
128,4,2 
129,1,2 
130,1,2 
131,4,2 
132,3,2 
133,4,2 
134,1,2 
135,3,2 
136,1,2 
137,2,2 
138,1,2 
139,4,2 
140,3,2 
141,4,2 
142,1,2 
143,4,2 
144,2,2 
145,3,2 
146,1,2 
147,1,2 
148,3,2 
149,1,2 
