100,806,2 
101,519,2 
102,842,2 
103,1670,2 
104,51,2 
105,1288,2 
106,289,2 
107,1533,2 
108,764,2 
109,1168,2 
110,95,2 
111,1015,2 
112,979,2 
113,1720,2 
114,968,2 
115,216,2 
116,1419,2 
117,136,2 
118,337,2 
119,14,2 
120,1573,2 
121,720,2 
122,1461,2 
123,1684,2 
124,697,2 
125,224,2 
126,1392,2 
127,591,2 
128,1376,2 
129,559,2 
130,646,2 
131,1690,2 
132,901,2 
133,1516,2 
134,105,2 
135,167,2 
136,1263,2 
137,1624,2 
138,1933,2 
139,558,2 
140,358,2 
141,633,2 
142,1260,2 
143,1961,2 
144,325,2 
145,1306,2 
146,1111,2 
147,1962,2 
148,1628,2 
149,1463,2 
150,1778,2 
151,1839,2 
152,1303,2 
153,1209,2 
154,1999,2 
155,433,2 
156,1299,2 
157,88,2 
158,77,2 
159,629,2 
160,667,2 
161,206,2 
162,32,2 
163,1653,2 
164,1006,2 
165,643,2 
166,643,2 
167,1165,2 
168,1275,2 
169,1190,2 
170,250,2 
171,845,2 
172,453,2 
173,16,2 
174,1528,2 
175,1677,2 
176,1428,2 
177,1978,2 
178,1072,2 
179,557,2 
180,1195,2 
181,1349,2 
182,842,2 
183,424,2 
184,1082,2 
185,1273,2 
186,1644,2 
187,722,2 
188,488,2 
189,647,2 
190,511,2 
191,439,2 
192,913,2 
193,930,2 
194,926,2 
195,743,2 
196,1506,2 
197,461,2 
198,1100,2 
199,467,2 
200,426,2 
201,46,2 
202,315,2 
203,1494,2 
204,1219,2 
205,500,2 
206,886,2 
207,1426,2 
208,214,2 
209,1802,2 
210,1102,2 
211,99,2 
212,254,2 
213,764,2 
214,278,2 
215,1040,2 
216,134,2 
217,1086,2 
218,839,2 
219,795,2 
220,882,2 
221,194,2 
222,634,2 
223,459,2 
224,1683,2 
225,1074,2 
226,1861,2 
227,1630,2 
228,1968,2 
229,1993,2 
230,1830,2 
231,1285,2 
232,1563,2 
233,166,2 
234,910,2 
235,397,2 
236,110,2 
237,1293,2 
238,1655,2 
239,783,2 
240,646,2 
241,754,2 
242,879,2 
243,820,2 
244,563,2 
245,506,2 
246,1367,2 
247,207,2 
248,232,2 
249,816,2 
250,1815,2 
251,387,2 
252,1500,2 
253,228,2 
254,881,2 
255,1351,2 
256,848,2 
257,1000,2 
258,1510,2 
259,183,2 
260,1674,2 
261,891,2 
262,1139,2 
263,77,2 
264,1763,2 
265,914,2 
266,1993,2 
267,1019,2 
268,70,2 
269,980,2 
270,47,2 
271,436,2 
272,850,2 
273,618,2 
274,1447,2 
275,822,2 
276,946,2 
277,1771,2 
278,744,2 
279,412,2 
280,1411,2 
281,1430,2 
282,235,2 
283,1665,2 
284,1118,2 
285,1746,2 
286,362,2 
287,1601,2 
288,663,2 
289,1684,2 
290,1841,2 
291,1682,2 
292,788,2 
293,1449,2 
294,1284,2 
295,1149,2 
296,318,2 
297,1586,2 
298,1236,2 
299,526,2 
300,1321,2 
301,1531,2 
302,1814,2 
303,195,2 
304,251,2 
305,1221,2 
306,1337,2 
307,1511,2 
308,382,2 
309,108,2 
310,435,2 
311,236,2 
312,1622,2 
313,1107,2 
314,1054,2 
315,1593,2 
316,1787,2 
317,184,2 
318,1623,2 
319,1889,2 
320,661,2 
321,1296,2 
322,338,2 
323,1117,2 
324,919,2 
325,625,2 
326,240,2 
327,1809,2 
328,334,2 
329,645,2 
330,539,2 
331,1939,2 
332,1512,2 
333,383,2 
334,1591,2 
335,1235,2 
336,1428,2 
337,944,2 
338,1923,2 
339,495,2 
340,1657,2 
341,1579,2 
342,1119,2 
343,572,2 
344,429,2 
345,1094,2 
346,666,2 
347,364,2 
348,1694,2 
349,1241,2 
350,1913,2 
351,651,2 
352,1761,2 
353,1433,2 
354,272,2 
355,1557,2 
356,1976,2 
357,1647,2 
358,876,2 
359,1826,2 
360,265,2 
361,121,2 
362,855,2 
363,768,2 
364,1406,2 
365,499,2 
366,1062,2 
367,999,2 
368,356,2 
369,1114,2 
370,1203,2 
371,1845,2 
372,543,2 
373,214,2 
374,1652,2 
375,1151,2 
376,872,2 
377,342,2 
378,1701,2 
379,982,2 
380,1249,2 
381,327,2 
382,1902,2 
383,1043,2 
384,625,2 
385,646,2 
386,1319,2 
387,572,2 
388,1836,2 
389,1592,2 
390,788,2 
391,168,2 
392,358,2 
393,1988,2 
394,789,2 
395,1460,2 
396,929,2 
397,882,2 
398,848,2 
399,248,2 
400,43,2 
401,1996,2 
402,1043,2 
403,311,2 
404,395,2 
405,740,2 
406,790,2 
407,1902,2 
408,873,2 
409,1352,2 
410,579,2 
411,368,2 
412,208,2 
413,278,2 
414,953,2 
415,1717,2 
416,321,2 
417,1884,2 
418,1891,2 
419,1206,2 
420,635,2 
421,1622,2 
422,814,2 
423,1376,2 
424,501,2 
425,1410,2 
426,304,2 
427,1079,2 
428,1374,2 
429,617,2 
430,1616,2 
431,1607,2 
432,507,2 
433,692,2 
434,776,2 
435,953,2 
436,934,2 
437,643,2 
438,1022,2 
439,362,2 
440,899,2 
441,96,2 
442,1205,2 
443,235,2 
444,1677,2 
445,1122,2 
446,830,2 
447,840,2 
448,949,2 
449,1156,2 
450,1020,2 
451,135,2 
452,39,2 
453,197,2 
454,851,2 
455,559,2 
456,484,2 
457,672,2 
458,857,2 
459,798,2 
460,1739,2 
461,1067,2 
462,1931,2 
463,772,2 
464,1025,2 
465,1733,2 
466,545,2 
467,59,2 
468,913,2 
469,1825,2 
470,666,2 
471,1136,2 
472,106,2 
473,1477,2 
474,1934,2 
475,43,2 
476,572,2 
477,338,2 
478,1449,2 
479,1237,2 
480,1072,2 
481,201,2 
482,1644,2 
483,859,2 
484,627,2 
485,104,2 
486,1751,2 
487,1932,2 
488,1635,2 
489,937,2 
490,1420,2 
491,1767,2 
492,996,2 
493,1814,2 
494,1488,2 
495,1672,2 
496,118,2 
497,1929,2 
498,498,2 
499,1855,2 
500,81,2 
501,394,2 
502,1668,2 
503,26,2 
504,1233,2 
505,1393,2 
506,927,2 
507,1138,2 
508,496,2 
509,577,2 
510,1005,2 
511,1481,2 
512,1493,2 
513,1409,2 
514,554,2 
515,1802,2 
516,1141,2 
517,792,2 
518,1971,2 
519,1073,2 
520,911,2 
521,887,2 
522,408,2 
523,397,2 
524,626,2 
525,1341,2 
526,1764,2 
527,1042,2 
528,109,2 
529,1070,2 
530,951,2 
531,1626,2 
532,877,2 
533,434,2 
534,332,2 
535,1742,2 
536,1368,2 
537,819,2 
538,1607,2 
539,1617,2 
540,155,2 
541,1745,2 
542,528,2 
543,1956,2 
544,1507,2 
545,25,2 
546,92,2 
547,185,2 
548,1890,2 
549,1486,2 
550,392,2 
551,1047,2 
552,1778,2 
553,155,2 
554,1299,2 
555,1903,2 
556,1867,2 
557,1083,2 
558,1515,2 
559,350,2 
560,289,2 
561,628,2 
562,1983,2 
563,253,2 
564,96,2 
565,2,2 
566,1271,2 
567,552,2 
568,1153,2 
569,1947,2 
570,1549,2 
571,38,2 
572,507,2 
573,547,2 
574,23,2 
575,1924,2 
576,860,2 
577,362,2 
578,333,2 
579,1116,2 
580,492,2 
581,376,2 
582,1297,2 
583,1693,2 
584,1706,2 
585,847,2 
586,257,2 
587,513,2 
588,207,2 
589,694,2 
590,751,2 
591,1476,2 
592,392,2 
593,1552,2 
594,1243,2 
595,381,2 
596,460,2 
597,981,2 
598,607,2 
599,1277,2 
600,1723,2 
601,885,2 
602,666,2 
603,1454,2 
604,628,2 
605,1428,2 
606,988,2 
607,461,2 
608,1642,2 
609,1967,2 
610,1609,2 
611,567,2 
612,224,2 
613,1965,2 
614,1700,2 
615,827,2 
616,45,2 
617,1711,2 
618,479,2 
619,481,2 
620,699,2 
621,184,2 
622,1315,2 
623,582,2 
624,1441,2 
625,1600,2 
626,363,2 
627,1384,2 
628,1043,2 
629,1007,2 
630,1027,2 
631,780,2 
632,1995,2 
633,1519,2 
634,320,2 
635,564,2 
636,309,2 
637,639,2 
638,133,2 
639,508,2 
640,1079,2 
641,1816,2 
642,285,2 
643,256,2 
644,1438,2 
645,895,2 
646,1884,2 
647,711,2 
648,1051,2 
649,1631,2 
650,666,2 
651,1652,2 
652,789,2 
653,1811,2 
654,245,2 
655,586,2 
656,516,2 
657,1066,2 
658,1538,2 
659,965,2 
660,40,2 
661,109,2 
662,680,2 
663,1,2 
664,664,2 
665,835,2 
666,453,2 
667,651,2 
668,1300,2 
669,1398,2 
670,575,2 
671,1680,2 
672,461,2 
673,517,2 
674,915,2 
675,1729,2 
676,1393,2 
677,1438,2 
678,1367,2 
679,975,2 
680,1133,2 
681,839,2 
682,1606,2 
683,1499,2 
684,369,2 
685,1955,2 
686,534,2 
687,1808,2 
688,1714,2 
689,352,2 
690,535,2 
691,371,2 
692,1677,2 
693,1387,2 
694,1089,2 
695,1091,2 
696,696,2 
697,997,2 
698,1563,2 
699,1714,2 
700,956,2 
701,1916,2 
702,587,2 
703,1528,2 
704,901,2 
705,1548,2 
706,154,2 
707,1693,2 
708,1374,2 
709,348,2 
710,57,2 
711,610,2 
712,654,2 
713,1151,2 
714,1895,2 
715,329,2 
716,1794,2 
717,100,2 
718,327,2 
719,1043,2 
720,1136,2 
721,711,2 
722,1587,2 
723,62,2 
724,1952,2 
725,1092,2 
726,31,2 
727,252,2 
728,1681,2 
729,1674,2 
730,1904,2 
731,1344,2 
732,388,2 
733,273,2 
734,1803,2 
735,1899,2 
736,489,2 
737,1332,2 
738,296,2 
739,34,2 
740,1505,2 
741,1852,2 
742,1229,2 
743,752,2 
744,1043,2 
745,572,2 
746,1592,2 
747,799,2 
748,1471,2 
749,202,2 
750,1197,2 
751,1015,2 
752,577,2 
753,1139,2 
754,381,2 
755,497,2 
756,913,2 
757,1758,2 
758,1983,2 
759,821,2 
760,1023,2 
761,828,2 
762,1128,2 
763,1323,2 
764,266,2 
765,334,2 
766,794,2 
767,417,2 
768,1731,2 
769,1342,2 
770,524,2 
771,1809,2 
772,1544,2 
773,1918,2 
774,193,2 
775,1980,2 
776,176,2 
777,631,2 
778,1418,2 
779,1358,2 
780,1207,2 
781,1963,2 
782,904,2 
783,85,2 
784,1733,2 
785,1135,2 
786,799,2 
787,855,2 
788,1659,2 
789,1041,2 
790,207,2 
791,1382,2 
792,1036,2 
793,1276,2 
794,1810,2 
795,1575,2 
796,511,2 
797,1051,2 
798,1662,2 
799,1801,2 
800,482,2 
801,945,2 
802,1298,2 
803,991,2 
804,101,2 
805,69,2 
806,1287,2 
807,1139,2 
808,1938,2 
809,1718,2 
810,960,2 
811,71,2 
812,300,2 
813,1599,2 
814,252,2 
815,1090,2 
816,1048,2 
817,1316,2 
818,1258,2 
819,818,2 
820,1508,2 
821,1647,2 
822,466,2 
823,1968,2 
824,1837,2 
825,905,2 
826,1936,2 
827,1496,2 
828,1959,2 
829,1757,2 
830,1912,2 
831,230,2 
832,337,2 
833,1746,2 
834,1809,2 
835,1353,2 
836,1262,2 
837,652,2 
838,144,2 
839,171,2 
840,1807,2 
841,294,2 
842,265,2 
843,75,2 
844,982,2 
845,1783,2 
846,214,2 
847,1750,2 
848,1101,2 
849,332,2 
850,1937,2 
851,882,2 
852,1095,2 
853,1059,2 
854,850,2 
855,634,2 
856,1354,2 
857,45,2 
858,1687,2 
859,238,2 
860,1980,2 
861,733,2 
862,1151,2 
863,1573,2 
864,1554,2 
865,490,2 
866,1945,2 
867,671,2 
868,1593,2 
869,1041,2 
870,417,2 
871,908,2 
872,433,2 
873,1160,2 
874,586,2 
875,53,2 
876,681,2 
877,1703,2 
878,185,2 
879,928,2 
880,1504,2 
881,1237,2 
882,641,2 
883,1393,2 
884,1692,2 
885,423,2 
886,1584,2 
887,397,2 
888,1356,2 
889,24,2 
890,1720,2 
891,1867,2 
892,1214,2 
893,712,2 
894,1697,2 
895,1454,2 
896,1505,2 
897,81,2 
898,1890,2 
899,1606,2 
900,594,2 
901,421,2 
902,440,2 
903,1870,2 
904,646,2 
905,1710,2 
906,1256,2 
907,1258,2 
908,891,2 
909,1829,2 
910,531,2 
911,662,2 
912,1767,2 
913,1096,2 
914,258,2 
915,442,2 
916,640,2 
917,99,2 
918,1642,2 
919,1096,2 
920,996,2 
921,104,2 
922,1828,2 
923,1256,2 
924,530,2 
925,1635,2 
926,1186,2 
927,803,2 
928,1300,2 
929,1910,2 
930,1756,2 
931,1159,2 
932,617,2 
933,827,2 
934,425,2 
935,1198,2 
936,492,2 
937,1077,2 
938,6,2 
939,1268,2 
940,331,2 
941,1394,2 
942,871,2 
943,1887,2 
944,1933,2 
945,795,2 
946,1104,2 
947,1176,2 
948,237,2 
949,1143,2 
950,1595,2 
951,485,2 
952,520,2 
953,1072,2 
954,1404,2 
955,1548,2 
956,321,2 
957,1966,2 
958,1854,2 
959,1588,2 
960,1819,2 
961,597,2 
962,754,2 
963,273,2 
964,1877,2 
965,561,2 
966,1370,2 
967,157,2 
968,845,2 
969,1593,2 
970,967,2 
971,795,2 
972,476,2 
973,1100,2 
974,647,2 
975,693,2 
976,674,2 
977,84,2 
978,1127,2 
979,508,2 
980,1665,2 
981,1304,2 
982,1032,2 
983,1457,2 
984,788,2 
985,381,2 
986,506,2 
987,1193,2 
988,76,2 
989,777,2 
990,1442,2 
991,725,2 
992,1855,2 
993,1186,2 
994,1282,2 
995,1,2 
996,1387,2 
997,542,2 
998,1312,2 
999,711,2 
1000,682,2 
1001,32,2 
1002,493,2 
1003,1888,2 
1004,1886,2 
1005,409,2 
1006,769,2 
1007,1907,2 
1008,66,2 
1009,1817,2 
1010,929,2 
1011,288,2 
1012,1680,2 
1013,897,2 
1014,702,2 
1015,961,2 
1016,1922,2 
1017,1143,2 
1018,436,2 
1019,356,2 
1020,903,2 
1021,1437,2 
1022,1189,2 
1023,778,2 
1024,1452,2 
1025,858,2 
1026,992,2 
1027,1214,2 
1028,215,2 
1029,400,2 
1030,508,2 
1031,1183,2 
1032,1586,2 
1033,973,2 
1034,126,2 
1035,104,2 
1036,851,2 
1037,1106,2 
1038,1155,2 
1039,286,2 
1040,1827,2 
1041,3,2 
1042,38,2 
1043,291,2 
1044,1896,2 
1045,1923,2 
1046,936,2 
1047,1358,2 
1048,224,2 
1049,799,2 
1050,200,2 
1051,193,2 
1052,1719,2 
1053,325,2 
1054,1067,2 
1055,776,2 
1056,155,2 
1057,160,2 
1058,1023,2 
1059,707,2 
1060,522,2 
1061,1570,2 
1062,84,2 
1063,1878,2 
1064,988,2 
1065,1356,2 
1066,1737,2 
1067,49,2 
1068,833,2 
1069,189,2 
1070,1396,2 
1071,561,2 
1072,820,2 
1073,523,2 
1074,1197,2 
1075,1885,2 
1076,625,2 
1077,632,2 
1078,621,2 
1079,229,2 
1080,765,2 
1081,1362,2 
1082,349,2 
1083,654,2 
1084,1844,2 
1085,582,2 
1086,1657,2 
1087,1777,2 
1088,1169,2 
1089,257,2 
1090,1243,2 
1091,1489,2 
1092,1200,2 
1093,127,2 
1094,865,2 
1095,543,2 
1096,737,2 
1097,1503,2 
1098,1073,2 
1099,877,2 
