100,6,2 
101,189,2 
102,42,2 
103,144,2 
104,185,2 
105,62,2 
106,61,2 
107,65,2 
108,151,2 
109,176,2 
110,52,2 
111,72,2 
112,114,2 
113,49,2 
114,99,2 
115,88,2 
116,29,2 
117,151,2 
118,173,2 
119,45,2 
120,172,2 
121,99,2 
122,68,2 
123,90,2 
124,140,2 
125,182,2 
126,146,2 
127,96,2 
128,23,2 
129,64,2 
130,61,2 
131,145,2 
132,10,2 
133,22,2 
134,78,2 
135,19,2 
136,18,2 
137,38,2 
138,33,2 
139,187,2 
140,49,2 
141,59,2 
142,26,2 
143,184,2 
144,98,2 
145,32,2 
146,15,2 
147,192,2 
148,17,2 
149,71,2 
150,40,2 
151,31,2 
152,159,2 
153,197,2 
154,87,2 
155,170,2 
156,8,2 
157,94,2 
158,98,2 
159,68,2 
160,77,2 
161,141,2 
162,157,2 
163,179,2 
164,136,2 
165,160,2 
166,127,2 
167,139,2 
168,88,2 
169,51,2 
170,65,2 
171,79,2 
172,174,2 
173,54,2 
174,117,2 
175,150,2 
176,189,2 
177,35,2 
178,27,2 
179,83,2 
180,49,2 
181,46,2 
182,137,2 
183,45,2 
184,172,2 
185,176,2 
186,22,2 
187,8,2 
188,48,2 
189,162,2 
190,134,2 
191,38,2 
192,168,2 
193,182,2 
194,57,2 
195,106,2 
196,142,2 
197,85,2 
198,48,2 
199,42,2 
