100,261,2 
101,216,2 
102,56,2 
103,290,2 
104,286,2 
105,184,2 
106,355,2 
107,254,2 
108,331,2 
109,284,2 
110,246,2 
111,199,2 
112,301,2 
113,183,2 
114,165,2 
115,36,2 
116,182,2 
117,353,2 
118,199,2 
119,368,2 
120,37,2 
121,371,2 
122,219,2 
123,182,2 
124,393,2 
125,379,2 
126,136,2 
127,342,2 
128,374,2 
129,253,2 
130,75,2 
131,66,2 
132,32,2 
133,63,2 
134,292,2 
135,270,2 
136,242,2 
137,122,2 
138,170,2 
139,198,2 
140,352,2 
141,117,2 
142,350,2 
143,47,2 
144,342,2 
145,82,2 
146,283,2 
147,393,2 
148,256,2 
149,396,2 
150,76,2 
151,388,2 
152,163,2 
153,120,2 
154,176,2 
155,243,2 
156,215,2 
157,111,2 
158,334,2 
159,178,2 
160,186,2 
161,244,2 
162,189,2 
163,261,2 
164,266,2 
165,9,2 
166,186,2 
167,243,2 
168,371,2 
169,88,2 
170,108,2 
171,189,2 
172,17,2 
173,152,2 
174,60,2 
175,317,2 
176,185,2 
177,71,2 
178,254,2 
179,258,2 
180,357,2 
181,280,2 
182,280,2 
183,247,2 
184,381,2 
185,75,2 
186,80,2 
187,65,2 
188,398,2 
189,73,2 
190,121,2 
191,41,2 
192,145,2 
193,392,2 
194,309,2 
195,34,2 
196,396,2 
197,333,2 
198,101,2 
199,102,2 
200,358,2 
201,153,2 
202,89,2 
203,94,2 
204,387,2 
205,143,2 
206,345,2 
207,84,2 
208,20,2 
209,41,2 
210,341,2 
211,104,2 
212,84,2 
213,294,2 
214,146,2 
215,288,2 
216,256,2 
217,131,2 
218,287,2 
219,17,2 
220,174,2 
221,169,2 
222,166,2 
223,353,2 
224,300,2 
225,350,2 
226,21,2 
227,317,2 
228,142,2 
229,135,2 
230,290,2 
231,170,2 
232,13,2 
233,81,2 
234,256,2 
235,145,2 
236,72,2 
237,215,2 
238,371,2 
239,196,2 
240,286,2 
241,226,2 
242,35,2 
243,265,2 
244,360,2 
245,138,2 
246,195,2 
247,257,2 
248,361,2 
249,283,2 
250,261,2 
251,104,2 
252,300,2 
253,261,2 
254,343,2 
255,78,2 
256,118,2 
257,399,2 
258,48,2 
259,166,2 
260,358,2 
261,28,2 
262,379,2 
263,246,2 
264,390,2 
265,279,2 
266,314,2 
267,201,2 
268,276,2 
269,146,2 
270,98,2 
271,211,2 
272,130,2 
273,126,2 
274,147,2 
275,169,2 
276,148,2 
277,220,2 
278,88,2 
279,341,2 
280,280,2 
281,85,2 
282,211,2 
283,335,2 
284,342,2 
285,375,2 
286,331,2 
287,390,2 
288,34,2 
289,5,2 
290,232,2 
291,150,2 
292,159,2 
293,315,2 
294,275,2 
295,297,2 
296,213,2 
297,30,2 
298,78,2 
299,196,2 
