100,19,2 
101,583,2 
102,39,2 
103,850,2 
104,21,2 
105,920,2 
106,477,2 
107,796,2 
108,405,2 
109,611,2 
110,840,2 
111,133,2 
112,24,2 
113,632,2 
114,479,2 
115,278,2 
116,629,2 
117,976,2 
118,762,2 
119,847,2 
120,628,2 
121,107,2 
122,682,2 
123,665,2 
124,365,2 
125,474,2 
126,477,2 
127,707,2 
128,302,2 
129,612,2 
130,601,2 
131,912,2 
132,98,2 
133,228,2 
134,761,2 
135,558,2 
136,730,2 
137,495,2 
138,663,2 
139,471,2 
140,955,2 
141,515,2 
142,405,2 
143,275,2 
144,64,2 
145,903,2 
146,571,2 
147,561,2 
148,465,2 
149,501,2 
150,510,2 
151,985,2 
152,267,2 
153,628,2 
154,837,2 
155,644,2 
156,343,2 
157,844,2 
158,560,2 
159,994,2 
160,76,2 
161,215,2 
162,845,2 
163,741,2 
164,462,2 
165,304,2 
166,105,2 
167,809,2 
168,579,2 
169,400,2 
170,490,2 
171,43,2 
172,608,2 
173,449,2 
174,624,2 
175,937,2 
176,495,2 
177,448,2 
178,901,2 
179,331,2 
180,618,2 
181,189,2 
182,190,2 
183,580,2 
184,395,2 
185,117,2 
186,420,2 
187,578,2 
188,962,2 
189,139,2 
190,591,2 
191,511,2 
192,655,2 
193,815,2 
194,162,2 
195,932,2 
196,830,2 
197,471,2 
198,702,2 
199,648,2 
200,725,2 
201,266,2 
202,232,2 
203,653,2 
204,84,2 
205,149,2 
206,899,2 
207,983,2 
208,823,2 
209,29,2 
210,540,2 
211,27,2 
212,892,2 
213,931,2 
214,273,2 
215,685,2 
216,916,2 
217,227,2 
218,215,2 
219,238,2 
220,443,2 
221,531,2 
222,771,2 
223,71,2 
224,602,2 
225,640,2 
226,738,2 
227,232,2 
228,772,2 
229,406,2 
230,68,2 
231,955,2 
232,452,2 
233,547,2 
234,447,2 
235,151,2 
236,532,2 
237,301,2 
238,646,2 
239,792,2 
240,657,2 
241,940,2 
242,398,2 
243,521,2 
244,216,2 
245,346,2 
246,776,2 
247,906,2 
248,311,2 
249,606,2 
250,384,2 
251,780,2 
252,59,2 
253,740,2 
254,687,2 
255,315,2 
256,459,2 
257,205,2 
258,451,2 
259,897,2 
260,435,2 
261,560,2 
262,125,2 
263,127,2 
264,764,2 
265,61,2 
266,358,2 
267,664,2 
268,260,2 
269,261,2 
270,500,2 
271,675,2 
272,795,2 
273,672,2 
274,51,2 
275,220,2 
276,617,2 
277,288,2 
278,28,2 
279,998,2 
280,9,2 
281,623,2 
282,176,2 
283,891,2 
284,32,2 
285,493,2 
286,856,2 
287,389,2 
288,271,2 
289,657,2 
290,795,2 
291,256,2 
292,102,2 
293,282,2 
294,253,2 
295,570,2 
296,656,2 
297,321,2 
298,306,2 
299,758,2 
300,467,2 
301,510,2 
302,665,2 
303,601,2 
304,683,2 
305,319,2 
306,865,2 
307,621,2 
308,718,2 
309,14,2 
310,366,2 
311,423,2 
312,740,2 
313,992,2 
314,780,2 
315,534,2 
316,294,2 
317,109,2 
318,539,2 
319,507,2 
320,162,2 
321,345,2 
322,143,2 
323,735,2 
324,564,2 
325,135,2 
326,30,2 
327,346,2 
328,327,2 
329,571,2 
330,579,2 
331,90,2 
332,60,2 
333,569,2 
334,656,2 
335,595,2 
336,829,2 
337,101,2 
338,588,2 
339,741,2 
340,194,2 
341,400,2 
342,237,2 
343,684,2 
344,954,2 
345,858,2 
346,833,2 
347,454,2 
348,395,2 
349,297,2 
350,229,2 
351,218,2 
352,830,2 
353,479,2 
354,298,2 
355,215,2 
356,516,2 
357,805,2 
358,121,2 
359,332,2 
360,195,2 
361,618,2 
362,551,2 
363,97,2 
364,776,2 
365,508,2 
366,553,2 
367,481,2 
368,891,2 
369,631,2 
370,863,2 
371,829,2 
372,666,2 
373,446,2 
374,165,2 
375,608,2 
376,870,2 
377,313,2 
378,925,2 
379,297,2 
380,29,2 
381,172,2 
382,27,2 
383,129,2 
384,442,2 
385,594,2 
386,268,2 
387,874,2 
388,3,2 
389,917,2 
390,11,2 
391,25,2 
392,369,2 
393,451,2 
394,744,2 
395,554,2 
396,727,2 
397,622,2 
398,650,2 
399,53,2 
400,923,2 
401,60,2 
402,720,2 
403,562,2 
404,757,2 
405,542,2 
406,456,2 
407,622,2 
408,99,2 
409,646,2 
410,236,2 
411,588,2 
412,250,2 
413,973,2 
414,442,2 
415,496,2 
416,695,2 
417,189,2 
418,826,2 
419,983,2 
420,989,2 
421,270,2 
422,778,2 
423,151,2 
424,705,2 
425,824,2 
426,570,2 
427,89,2 
428,279,2 
429,146,2 
430,487,2 
431,177,2 
432,857,2 
433,18,2 
434,290,2 
435,6,2 
436,842,2 
437,368,2 
438,6,2 
439,12,2 
440,320,2 
441,227,2 
442,457,2 
443,401,2 
444,98,2 
445,3,2 
446,275,2 
447,52,2 
448,509,2 
449,175,2 
450,676,2 
451,491,2 
452,650,2 
453,644,2 
454,839,2 
455,2,2 
456,319,2 
457,425,2 
458,935,2 
459,941,2 
460,368,2 
461,278,2 
462,536,2 
463,823,2 
464,838,2 
465,671,2 
466,219,2 
467,166,2 
468,326,2 
469,625,2 
470,863,2 
471,150,2 
472,873,2 
473,221,2 
474,667,2 
475,460,2 
476,466,2 
477,214,2 
478,850,2 
479,809,2 
480,830,2 
481,17,2 
482,531,2 
483,272,2 
484,936,2 
485,461,2 
486,978,2 
487,816,2 
488,902,2 
489,854,2 
490,983,2 
491,1,2 
492,498,2 
493,981,2 
494,377,2 
495,323,2 
496,612,2 
497,802,2 
498,448,2 
499,969,2 
500,269,2 
501,991,2 
502,638,2 
503,811,2 
504,887,2 
505,747,2 
506,211,2 
507,968,2 
508,354,2 
509,966,2 
510,615,2 
511,315,2 
512,264,2 
513,220,2 
514,217,2 
515,776,2 
516,581,2 
517,536,2 
518,876,2 
519,627,2 
520,854,2 
521,679,2 
522,494,2 
523,503,2 
524,124,2 
525,103,2 
526,476,2 
527,684,2 
528,27,2 
529,347,2 
530,514,2 
531,705,2 
532,510,2 
533,511,2 
534,287,2 
535,494,2 
536,799,2 
537,670,2 
538,449,2 
539,322,2 
540,396,2 
541,311,2 
542,308,2 
543,414,2 
544,880,2 
545,268,2 
546,849,2 
547,741,2 
548,707,2 
549,407,2 
550,5,2 
551,387,2 
552,968,2 
553,753,2 
554,274,2 
555,759,2 
556,82,2 
557,271,2 
558,490,2 
559,285,2 
560,107,2 
561,80,2 
562,166,2 
563,762,2 
564,654,2 
565,737,2 
566,216,2 
567,748,2 
568,170,2 
569,731,2 
570,102,2 
571,502,2 
572,496,2 
573,121,2 
574,489,2 
575,491,2 
576,261,2 
577,138,2 
578,893,2 
579,957,2 
580,998,2 
581,425,2 
582,184,2 
583,701,2 
584,143,2 
585,995,2 
586,723,2 
587,576,2 
588,611,2 
589,770,2 
590,636,2 
591,63,2 
592,189,2 
593,157,2 
594,947,2 
595,723,2 
596,431,2 
597,505,2 
598,993,2 
599,495,2 
