100,12,2 
101,55,2 
102,79,2 
103,99,2 
104,97,2 
105,35,2 
106,24,2 
107,28,2 
108,4,2 
109,2,2 
110,33,2 
111,37,2 
112,41,2 
113,29,2 
114,76,2 
115,90,2 
116,37,2 
117,32,2 
118,95,2 
119,57,2 
120,81,2 
121,15,2 
122,49,2 
123,50,2 
124,58,2 
125,17,2 
126,75,2 
127,35,2 
128,86,2 
129,36,2 
130,10,2 
131,9,2 
132,52,2 
133,74,2 
134,81,2 
135,19,2 
136,57,2 
137,3,2 
138,27,2 
139,40,2 
140,93,2 
141,53,2 
142,21,2 
143,31,2 
144,10,2 
145,44,2 
146,53,2 
147,57,2 
148,39,2 
149,97,2 
